
[[0]] [[0]] cauchy -7476.358901905894
[[0]] [[0]] cauchy -7476.358901905894
[[0]] [[0]] cauchy -7476.358901905894
[[0]] [[0]] cauchy -7476.358901905894
[[0]] [[0]] cauchy -7476.358901905894
[[0]] [[1]]
[[0]] [[1]] cauchy -8362.219137529937
[[0]] [[2]]
[[0]] [[2]] cauchy -8362.219137529937
[[0]] [[3]]
[[0]] [[3]] cauchy -4645.799326103107
[[0]] [[4]]
[[0]] [[4]] cauchy -5000.690682549799
[[0]] [[5]]
[[0]] [[5]] cauchy -5887.91907366653
[[0]] [[1]]
[[0]] [[1]] cauchy -8362.219137529937
[[0]] [[2]]
[[0]] [[2]] cauchy -8362.219137529937
[[0]] [[3]]
[[0]] [[3]] cauchy -4645.799326103107
[[0]] [[4]]
[[0]] [[4]] cauchy -5000.690682549799
[[0]] [[5]]
[[0]] [[5]] cauchy -5887.91907366653
[[0]] [[1]]
[[0]] [[1]] cauchy -8362.219137529937
[[0]] [[2]]
[[0]] [[2]] cauchy -8362.219137529937
[[0]] [[3]]
[[0]] [[3]] cauchy -4645.799326103107
[[0]] [[4]]
[[0]] [[4]] cauchy -5000.690682549799
[[0]] [[5]]
[[0]] [[5]] cauchy -5887.91907366653
[[0]] [[1]]
[[0]] [[1]] cauchy -8362.219137529937
[[0]] [[2]]
[[0]] [[2]] cauchy -8362.219137529937
[[0]] [[3]]
[[0]] [[3]] cauchy -4645.799326103107
[[0]] [[4]]
[[0]] [[4]] cauchy -5000.690682549799
[[0]] [[5]]
[[0]] [[5]] cauchy -5887.91907366653
[[0]] [[1]]
[[0]] [[1]] cauchy -8362.219137529937
[[0]] [[2]]
[[0]] [[2]] cauchy -8362.219137529937
[[0]] [[3]]
[[0]] [[3]] cauchy -4645.799326103107
[[0]] [[4]]
[[0]] [[4]] cauchy -5000.690682549799
[[0]] [[5]]
[[0]] [[5]] cauchy -5887.91907366653
[[0]] [[6]]
[[0]] [[6]] cauchy -8554.663943843761
[[0]] [[7]]
[[0]] [[7]] cauchy -7321.728907801929
[[0]] [[8]]
[[0]] [[8]] dgamma
[[0]] [[9]]
[[0]] [[9]] vonmises -2390.0400041932658
[[1]] [[0]] vonmises -3512.93306774591
[[0]] [[6]]
[[0]] [[6]] cauchy -8554.663943843761
[[0]] [[7]]
[[0]] [[7]] cauchy -7321.728907801929
[[0]] [[8]]
[[0]] [[8]] dgamma -3694.8348005158814
[[0]] [[9]]
[[0]] [[9]] vonmises -2390.0400041932658
[[1]] [[0]] vonmises -3512.93306774591
[[0]] [[6]]
[[0]] [[6]] cauchy -8554.663943843761
[[0]] [[7]]
[[0]] [[7]] cauchy -7321.728907801929
[[0]] [[8]]
[[0]] [[8]] dgamma -3694.8348005158814
[[0]] [[9]]
[[0]] [[9]] vonmises -2390.0400041932658
[[1]] [[0]] vonmises -3512.93306774591
[[0]] [[6]]
[[0]] [[6]] cauchy -8554.663943843761
[[0]] [[7]]
[[0]] [[7]] cauchy -7321.728907801929
[[0]] [[8]]
[[0]] [[8]] dgamma -3694.8348005158814
[[0]] [[9]]
[[0]] [[9]] vonmises -2390.0400041932658
[[1]] [[0]] vonmises -3512.93306774591
[[0]] [[6]]
[[0]] [[6]] cauchy -8554.663943843761
[[0]] [[7]]
[[0]] [[7]] cauchy -7321.728907801929
[[0]] [[8]]
[[0]] [[8]] dgamma -3694.8348005158814
[[0]] [[9]]
[[0]] [[9]] vonmises -2390.0400041932658
[[1]] [[0]] vonmises -3512.93306774591
[[1]] [[1]]
[[1]] [[1]] vonmises -15226.891017578735
[[1]] [[2]]
[[1]] [[2]] vonmises -13440.910509329231
[[1]] [[3]]
[[1]] [[3]] gausshyper -97997.00395667632
[[1]] [[4]]
[[1]] [[4]] dgamma -1630.2669368973088
[[1]] [[5]]
[[1]] [[5]] gausshyper -94892.13493867689
[[1]] [[1]]
[[1]] [[1]] vonmises -15226.891017578735
[[1]] [[2]]
[[1]] [[2]] vonmises -13440.910509329231
[[1]] [[3]]
[[1]] [[3]] gausshyper -97997.00395667632
[[1]] [[4]]
[[1]] [[4]] dgamma -1630.2669368973088
[[1]] [[5]]
[[1]] [[5]] gausshyper -94892.13493867689
[[1]] [[1]]
[[1]] [[1]] vonmises -15226.891017578735
[[1]] [[2]]
[[1]] [[2]] vonmises -13440.910509329231
[[1]] [[3]]
[[1]] [[3]] gausshyper -97997.00395667632
[[1]] [[4]]
[[1]] [[4]] dgamma -1630.2669368973088
[[1]] [[5]]
[[1]] [[5]] gausshyper -94892.13493867689
[[1]] [[1]]
[[1]] [[1]] vonmises -15226.891017578735
[[1]] [[2]]
[[1]] [[2]] vonmises -13440.910509329231
[[1]] [[3]]
[[1]] [[3]] gausshyper -97997.00395667632
[[1]] [[4]]
[[1]] [[4]] dgamma -1630.2669368973088
[[1]] [[5]]
[[1]] [[5]] gausshyper -94892.13493867689
[[1]] [[1]]
[[1]] [[1]] vonmises -15226.891017578735
[[1]] [[2]]
[[1]] [[2]] vonmises -13440.910509329231
[[1]] [[3]]
[[1]] [[3]] gausshyper -97997.00395667632
[[1]] [[4]]
[[1]] [[4]] dgamma -1630.2669368973088
[[1]] [[5]]
[[1]] [[5]] gausshyper -94892.13493867689
[[1]] [[6]]
[[1]] [[6]] vonmises -7318.953511703237
[[1]] [[7]]
[[1]] [[7]] vonmises -12278.752755369766
[[1]] [[8]]
[[1]] [[8]] vonmises -1961.8238577103205
[[1]] [[9]]
[[1]] [[9]] vonmises -18059.231971190162
[[2]] [[0]] vonmises -18219.681527115805
[[1]] [[6]]
[[1]] [[6]] vonmises -7318.953511703237
[[1]] [[7]]
[[1]] [[7]] vonmises -12278.752755369766
[[1]] [[8]]
[[1]] [[8]] vonmises -1961.8238577103205
[[1]] [[9]]
[[1]] [[9]] vonmises -18059.231971190162
[[2]] [[0]] vonmises -18219.681527115805
[[1]] [[6]]
[[1]] [[6]] vonmises -7318.953511703237
[[1]] [[7]]
[[1]] [[7]] vonmises -12278.752755369766
[[1]] [[8]]
[[1]] [[8]] vonmises -1961.8238577103205
[[1]] [[9]]
[[1]] [[9]] vonmises -18059.231971190162
[[2]] [[0]] vonmises -18219.681527115805
[[1]] [[6]]
[[1]] [[6]] vonmises -7318.953511703237
[[1]] [[7]]
[[1]] [[7]] vonmises -12278.752755369766
[[1]] [[8]]
[[1]] [[8]] vonmises -1961.8238577103205
[[1]] [[9]]
[[1]] [[9]] vonmises -18059.231971190162
[[2]] [[0]] vonmises -18219.681527115805
[[1]] [[6]]
[[1]] [[6]] vonmises -7318.953511703237
[[1]] [[7]]
[[1]] [[7]] vonmises -12278.752755369766
[[1]] [[8]]
[[1]] [[8]] vonmises -1961.8238577103205
[[1]] [[9]]
[[1]] [[9]] vonmises -18059.231971190162
[[2]] [[0]] vonmises -18219.681527115805
[[2]] [[1]]
[[2]] [[1]] vonmises -2884.5430093986934
[[2]] [[2]]
[[2]] [[2]] vonmises -13091.522969324335
[[2]] [[3]]
[[2]] [[3]] vonmises -20782.13654476351
[[2]] [[4]]
[[2]] [[4]] vonmises -3546.760359356239
[[2]] [[5]]
[[2]] [[5]] vonmises -19330.690207261658
[[2]] [[1]]
[[2]] [[1]] vonmises -2884.5430093986934
[[2]] [[2]]
[[2]] [[2]] vonmises -13091.522969324335
[[2]] [[3]]
[[2]] [[3]] vonmises -20782.13654476351
[[2]] [[4]]
[[2]] [[4]] vonmises -3546.760359356239
[[2]] [[5]]
[[2]] [[5]] vonmises -19330.690207261658
[[2]] [[1]]
[[2]] [[1]] vonmises -2884.5430093986934
[[2]] [[2]]
[[2]] [[2]] vonmises -13091.522969324335
[[2]] [[3]]
[[2]] [[3]] vonmises -20782.13654476351
[[2]] [[4]]
[[2]] [[4]] vonmises -3546.760359356239
[[2]] [[5]]
[[2]] [[5]] vonmises -19330.690207261658
[[2]] [[1]]
[[2]] [[1]] vonmises -2884.5430093986934
[[2]] [[2]]
[[2]] [[2]] vonmises -13091.522969324335
[[2]] [[3]]
[[2]] [[3]] vonmises -20782.13654476351
[[2]] [[4]]
[[2]] [[4]] vonmises -3546.760359356239
[[2]] [[5]]
[[2]] [[5]] vonmises -19330.690207261658
[[2]] [[1]]
[[2]] [[1]] vonmises -2884.5430093986934
[[2]] [[2]]
[[2]] [[2]] vonmises -13091.522969324335
[[2]] [[3]]
[[2]] [[3]] vonmises -20782.13654476351
[[2]] [[4]]
[[2]] [[4]] vonmises -3546.760359356239
[[2]] [[5]]
[[2]] [[5]] vonmises -19330.690207261658
[[2]] [[6]]
[[2]] [[6]] vonmises -1062.118485228176
[[2]] [[7]]
[[2]] [[7]] vonmises -9930.136586937258
[[2]] [[8]]
[[2]] [[8]] vonmises -6693.351344378677
[[2]] [[9]]
[[2]] [[9]] vonmises -4895.2858877136305
[[3]] [[0]] vonmises -5358.75168771732
[[2]] [[6]]
[[2]] [[6]] vonmises -1062.118485228176
[[2]] [[7]]
[[2]] [[7]] vonmises -9930.136586937258
[[2]] [[8]]
[[2]] [[8]] vonmises -6693.351344378677
[[2]] [[9]]
[[2]] [[9]] vonmises -4895.2858877136305
[[3]] [[0]] vonmises -5358.75168771732
[[2]] [[6]]
[[2]] [[6]] vonmises -1062.118485228176
[[2]] [[7]]
[[2]] [[7]] vonmises -9930.136586937258
[[2]] [[8]]
[[2]] [[8]] vonmises -6693.351344378677
[[2]] [[9]]
[[2]] [[9]] vonmises -4895.2858877136305
[[3]] [[0]] vonmises -5358.75168771732
[[2]] [[6]]
[[2]] [[6]] vonmises -1062.118485228176
[[2]] [[7]]
[[2]] [[7]] vonmises -9930.136586937258
[[2]] [[8]]
[[2]] [[8]] vonmises -6693.351344378677
[[2]] [[9]]
[[2]] [[9]] vonmises -4895.2858877136305
[[3]] [[0]] vonmises -5358.75168771732
[[2]] [[6]]
[[2]] [[6]] vonmises -1062.118485228176
[[2]] [[7]]
[[2]] [[7]] vonmises -9930.136586937258
[[2]] [[8]]
[[2]] [[8]] vonmises -6693.351344378677
[[2]] [[9]]
[[2]] [[9]] vonmises -4895.2858877136305
[[3]] [[0]] vonmises -5358.75168771732
[[3]] [[1]]
[[3]] [[1]] vonmises -2368.035543809802
[[3]] [[2]]
[[3]] [[2]] vonmises -12549.920889723986
[[3]] [[3]]
[[3]] [[3]] vonmises -3867.1358345343624
[[3]] [[4]]
[[3]] [[4]] vonmises -14419.747533222879
[[3]] [[5]]
[[3]] [[5]] vonmises -23206.028650731954
[[3]] [[1]]
[[3]] [[1]] vonmises -2368.035543809802
[[3]] [[2]]
[[3]] [[2]] vonmises -12549.920889723986
[[3]] [[3]]
[[3]] [[3]] vonmises -3867.1358345343624
[[3]] [[4]]
[[3]] [[4]] vonmises -14419.747533222879
[[3]] [[5]]
[[3]] [[5]] vonmises -23206.028650731954
[[3]] [[1]]
[[3]] [[1]] vonmises -2368.035543809802
[[3]] [[2]]
[[3]] [[2]] vonmises -12549.920889723986
[[3]] [[3]]
[[3]] [[3]] vonmises -3867.1358345343624
[[3]] [[4]]
[[3]] [[4]] vonmises -14419.747533222879
[[3]] [[5]]
[[3]] [[5]] vonmises -23206.028650731954
[[3]] [[1]]
[[3]] [[1]] vonmises -2368.035543809802
[[3]] [[2]]
[[3]] [[2]] vonmises -12549.920889723986
[[3]] [[3]]
[[3]] [[3]] vonmises -3867.1358345343624
[[3]] [[4]]
[[3]] [[4]] vonmises -14419.747533222879
[[3]] [[5]]
[[3]] [[5]] vonmises -23206.028650731954
[[3]] [[1]]
[[3]] [[1]] vonmises -2368.035543809802
[[3]] [[2]]
[[3]] [[2]] vonmises -12549.920889723986
[[3]] [[3]]
[[3]] [[3]] vonmises -3867.1358345343624
[[3]] [[4]]
[[3]] [[4]] vonmises -14419.747533222879
[[3]] [[5]]
[[3]] [[5]] vonmises -23206.028650731954
[[3]] [[6]]
[[3]] [[6]] vonmises -4636.8164918973935
[[3]] [[7]]
[[3]] [[7]] vonmises -5628.773551654613
[[3]] [[8]]
[[3]] [[8]] vonmises -3214.5066741618175
[[3]] [[9]]
[[3]] [[9]] vonmises -7045.345714770099
[[4]] [[0]] vonmises -1624.0813930680783
[[3]] [[6]]
[[3]] [[6]] vonmises -4636.8164918973935
[[3]] [[7]]
[[3]] [[7]] vonmises -5628.773551654613
[[3]] [[8]]
[[3]] [[8]] vonmises -3214.5066741618175
[[3]] [[9]]
[[3]] [[9]] vonmises -7045.345714770099
[[4]] [[0]] vonmises -1624.0813930680783
[[3]] [[6]]
[[3]] [[6]] vonmises -4636.8164918973935
[[3]] [[7]]
[[3]] [[7]] vonmises -5628.773551654613
[[3]] [[8]]
[[3]] [[8]] vonmises -3214.5066741618175
[[3]] [[9]]
[[3]] [[9]] vonmises -7045.345714770099
[[4]] [[0]] vonmises -1624.0813930680783
[[3]] [[6]]
[[3]] [[6]] vonmises -4636.8164918973935
[[3]] [[7]]
[[3]] [[7]] vonmises -5628.773551654613
[[3]] [[8]]
[[3]] [[8]] vonmises -3214.5066741618175
[[3]] [[9]]
[[3]] [[9]] vonmises -7045.345714770099
[[4]] [[0]] vonmises -1624.0813930680783
[[3]] [[6]]
[[3]] [[6]] vonmises -4636.8164918973935
[[3]] [[7]]
[[3]] [[7]] vonmises -5628.773551654613
[[3]] [[8]]
[[3]] [[8]] vonmises -3214.5066741618175
[[3]] [[9]]
[[3]] [[9]] vonmises -7045.345714770099
[[4]] [[0]] vonmises -1624.0813930680783
[[4]] [[1]]
[[4]] [[1]] vonmises -3400.7480376944845
[[4]] [[2]]
[[4]] [[2]] vonmises -9342.108112600112
[[4]] [[3]]
[[4]] [[3]] vonmises -18951.45955630268
[[4]] [[4]]
[[4]] [[4]] vonmises -9232.479886269353
[[4]] [[5]]
[[4]] [[5]] vonmises -10231.740070199481
[[4]] [[1]]
[[4]] [[1]] vonmises -3400.7480376944845
[[4]] [[2]]
[[4]] [[2]] vonmises -9342.108112600112
[[4]] [[3]]
[[4]] [[3]] vonmises -18951.45955630268
[[4]] [[4]]
[[4]] [[4]] vonmises -9232.479886269353
[[4]] [[5]]
[[4]] [[5]] vonmises -10231.740070199481
[[4]] [[1]]
[[4]] [[1]] vonmises -3400.7480376944845
[[4]] [[2]]
[[4]] [[2]] vonmises -9342.108112600112
[[4]] [[3]]
[[4]] [[3]] vonmises -18951.45955630268
[[4]] [[4]]
[[4]] [[4]] vonmises -9232.479886269353
[[4]] [[5]]
[[4]] [[5]] vonmises -10231.740070199481
[[4]] [[1]]
[[4]] [[1]] vonmises -3400.7480376944845
[[4]] [[2]]
[[4]] [[2]] vonmises -9342.108112600112
[[4]] [[3]]
[[4]] [[3]] vonmises -18951.45955630268
[[4]] [[4]]
[[4]] [[4]] vonmises -9232.479886269353
[[4]] [[5]]
[[4]] [[5]] vonmises -10231.740070199481
[[4]] [[1]]
[[4]] [[1]] vonmises -3400.7480376944845
[[4]] [[2]]
[[4]] [[2]] vonmises -9342.108112600112
[[4]] [[3]]
[[4]] [[3]] vonmises -18951.45955630268
[[4]] [[4]]
[[4]] [[4]] vonmises -9232.479886269353
[[4]] [[5]]
[[4]] [[5]] vonmises -10231.740070199481
[[4]] [[6]]
[[4]] [[6]] vonmises -10717.256175532433
[[4]] [[7]]
[[4]] [[7]] vonmises -11456.31536824502
[[4]] [[8]]
[[4]] [[8]] vonmises -16393.45703286519
[[4]] [[9]]
[[4]] [[9]] vonmises -9244.542816349067
[[5]] [[0]] vonmises -6251.3571703582875
[[4]] [[6]]
[[4]] [[6]] vonmises -10717.256175532433
[[4]] [[7]]
[[4]] [[7]] vonmises -11456.31536824502
[[4]] [[8]]
[[4]] [[8]] vonmises -16393.45703286519
[[4]] [[9]]
[[4]] [[9]] vonmises -9244.542816349067
[[5]] [[0]] vonmises -6251.3571703582875
[[4]] [[6]]
[[4]] [[6]] vonmises -10717.256175532433
[[4]] [[7]]
[[4]] [[7]] vonmises -11456.31536824502
[[4]] [[8]]
[[4]] [[8]] vonmises -16393.45703286519
[[4]] [[9]]
[[4]] [[9]] vonmises -9244.542816349067
[[5]] [[0]] vonmises -6251.3571703582875
[[4]] [[6]]
[[4]] [[6]] vonmises -10717.256175532433
[[4]] [[7]]
[[4]] [[7]] vonmises -11456.31536824502
[[4]] [[8]]
[[4]] [[8]] vonmises -16393.45703286519
[[4]] [[9]]
[[4]] [[9]] vonmises -9244.542816349067
[[5]] [[0]] vonmises -6251.3571703582875
[[4]] [[6]]
[[4]] [[6]] vonmises -10717.256175532433
[[4]] [[7]]
[[4]] [[7]] vonmises -11456.31536824502
[[4]] [[8]]
[[4]] [[8]] vonmises -16393.45703286519
[[4]] [[9]]
[[4]] [[9]] vonmises -9244.542816349067
[[5]] [[0]] vonmises -6251.3571703582875
[[5]] [[1]]
[[5]] [[1]] vonmises -4901.87910022102
[[5]] [[2]]
[[5]] [[2]] vonmises -14336.268788697867
[[5]] [[3]]
[[5]] [[3]] vonmises -1795.1353316670857
[[5]] [[4]]
[[5]] [[4]] vonmises -2752.175940706069
[[5]] [[5]]
[[5]] [[5]] vonmises -1267.432518421396
[[5]] [[1]]
[[5]] [[1]] vonmises -4901.87910022102
[[5]] [[2]]
[[5]] [[2]] vonmises -14336.268788697867
[[5]] [[3]]
[[5]] [[3]] vonmises -1795.1353316670857
[[5]] [[4]]
[[5]] [[4]] vonmises -2752.175940706069
[[5]] [[5]]
[[5]] [[5]] vonmises -1267.432518421396
[[5]] [[1]]
[[5]] [[1]] vonmises -4901.87910022102
[[5]] [[2]]
[[5]] [[2]] vonmises -14336.268788697867
[[5]] [[3]]
[[5]] [[3]] vonmises -1795.1353316670857
[[5]] [[4]]
[[5]] [[4]] vonmises -2752.175940706069
[[5]] [[5]]
[[5]] [[5]] vonmises -1267.432518421396
[[5]] [[1]]
[[5]] [[1]] vonmises -4901.87910022102
[[5]] [[2]]
[[5]] [[2]] vonmises -14336.268788697867
[[5]] [[3]]
[[5]] [[3]] vonmises -1795.1353316670857
[[5]] [[4]]
[[5]] [[4]] vonmises -2752.175940706069
[[5]] [[5]]
[[5]] [[5]] vonmises -1267.432518421396
[[5]] [[1]]
[[5]] [[1]] vonmises -4901.87910022102
[[5]] [[2]]
[[5]] [[2]] vonmises -14336.268788697867
[[5]] [[3]]
[[5]] [[3]] vonmises -1795.1353316670857
[[5]] [[4]]
[[5]] [[4]] vonmises -2752.175940706069
[[5]] [[5]]
[[5]] [[5]] vonmises -1267.432518421396
[[5]] [[6]]
[[5]] [[6]] vonmises -16733.024085350768
[[5]] [[7]]
[[5]] [[7]] vonmises -1853.8680416582324
[[5]] [[8]]
[[5]] [[8]] vonmises -17811.185189355572
[[5]] [[9]]
[[5]] [[9]] vonmises -21942.24094593982
[[6]] [[0]] vonmises -13302.890045816084
[[5]] [[6]]
[[5]] [[6]] vonmises -16733.024085350768
[[5]] [[7]]
[[5]] [[7]] vonmises -1853.8680416582324
[[5]] [[8]]
[[5]] [[8]] vonmises -17811.185189355572
[[5]] [[9]]
[[5]] [[9]] vonmises -21942.24094593982
[[6]] [[0]] vonmises -13302.890045816084
[[5]] [[6]]
[[5]] [[6]] vonmises -16733.024085350768
[[5]] [[7]]
[[5]] [[7]] vonmises -1853.8680416582324
[[5]] [[8]]
[[5]] [[8]] vonmises -17811.185189355572
[[5]] [[9]]
[[5]] [[9]] vonmises -21942.24094593982
[[6]] [[0]] vonmises -13302.890045816084
[[5]] [[6]]
[[5]] [[6]] vonmises -16733.024085350768
[[5]] [[7]]
[[5]] [[7]] vonmises -1853.8680416582324
[[5]] [[8]]
[[5]] [[8]] vonmises -17811.185189355572
[[5]] [[9]]
[[5]] [[9]] vonmises -21942.24094593982
[[6]] [[0]] vonmises -13302.890045816084
[[5]] [[6]]
[[5]] [[6]] vonmises -16733.024085350768
[[5]] [[7]]
[[5]] [[7]] vonmises -1853.8680416582324
[[5]] [[8]]
[[5]] [[8]] vonmises -17811.185189355572
[[5]] [[9]]
[[5]] [[9]] vonmises -21942.24094593982
[[6]] [[0]] vonmises -13302.890045816084
[[6]] [[1]]
[[6]] [[1]] vonmises -12352.814979497205
[[6]] [[2]]
[[6]] [[2]] vonmises -2255.0459889258173
[[6]] [[3]]
[[6]] [[3]] vonmises -2211.0632478619764
[[6]] [[4]]
[[6]] [[4]] vonmises -11686.900978621637
[[6]] [[5]]
[[6]] [[5]] vonmises -11094.804674368024
[[6]] [[1]]
[[6]] [[1]] vonmises -12352.814979497205
[[6]] [[2]]
[[6]] [[2]] vonmises -2255.0459889258173
[[6]] [[3]]
[[6]] [[3]] vonmises -2211.0632478619764
[[6]] [[4]]
[[6]] [[4]] vonmises -11686.900978621637
[[6]] [[5]]
[[6]] [[5]] vonmises -11094.804674368024
[[6]] [[1]]
[[6]] [[1]] vonmises -12352.814979497205
[[6]] [[2]]
[[6]] [[2]] vonmises -2255.0459889258173
[[6]] [[3]]
[[6]] [[3]] vonmises -2211.0632478619764
[[6]] [[4]]
[[6]] [[4]] vonmises -11686.900978621637
[[6]] [[5]]
[[6]] [[5]] vonmises -11094.804674368024
[[6]] [[1]]
[[6]] [[1]] vonmises -12352.814979497205
[[6]] [[2]]
[[6]] [[2]] vonmises -2255.0459889258173
[[6]] [[3]]
[[6]] [[3]] vonmises -2211.0632478619764
[[6]] [[4]]
[[6]] [[4]] vonmises -11686.900978621637
[[6]] [[5]]
[[6]] [[5]] vonmises -11094.804674368024
[[6]] [[1]]
[[6]] [[1]] vonmises -12352.814979497205
[[6]] [[2]]
[[6]] [[2]] vonmises -2255.0459889258173
[[6]] [[3]]
[[6]] [[3]] vonmises -2211.0632478619764
[[6]] [[4]]
[[6]] [[4]] vonmises -11686.900978621637
[[6]] [[5]]
[[6]] [[5]] vonmises -11094.804674368024
[[6]] [[6]]
[[6]] [[6]] vonmises -2873.3164840113805
[[6]] [[7]]
[[6]] [[7]] vonmises -6988.275146017891
[[6]] [[8]]
[[6]] [[8]] vonmises -1911.4332531880532
[[6]] [[9]]
[[6]] [[9]] vonmises -1546.616207031519
[[7]] [[0]] vonmises -13235.63913773782
[[6]] [[6]]
[[6]] [[6]] vonmises -2873.3164840113805
[[6]] [[7]]
[[6]] [[7]] vonmises -6988.275146017891
[[6]] [[8]]
[[6]] [[8]] vonmises -1911.4332531880532
[[6]] [[9]]
[[6]] [[9]] vonmises -1546.616207031519
[[7]] [[0]] vonmises -13235.63913773782
[[6]] [[6]]
[[6]] [[6]] vonmises -2873.3164840113805
[[6]] [[7]]
[[6]] [[7]] vonmises -6988.275146017891
[[6]] [[8]]
[[6]] [[8]] vonmises -1911.4332531880532
[[6]] [[9]]
[[6]] [[9]] vonmises -1546.616207031519
[[7]] [[0]] vonmises -13235.63913773782
[[6]] [[6]]
[[6]] [[6]] vonmises -2873.3164840113805
[[6]] [[7]]
[[6]] [[7]] vonmises -6988.275146017891
[[6]] [[8]]
[[6]] [[8]] vonmises -1911.4332531880532
[[6]] [[9]]
[[6]] [[9]] vonmises -1546.616207031519
[[7]] [[0]] vonmises -13235.63913773782
[[6]] [[6]]
[[6]] [[6]] vonmises -2873.3164840113805
[[6]] [[7]]
[[6]] [[7]] vonmises -6988.275146017891
[[6]] [[8]]
[[6]] [[8]] vonmises -1911.4332531880532
[[6]] [[9]]
[[6]] [[9]] vonmises -1546.616207031519
[[7]] [[0]] vonmises -13235.63913773782
[[7]] [[1]]
[[7]] [[1]] vonmises -5487.491304633839
[[7]] [[2]]
[[7]] [[2]] vonmises -10782.00909245063
[[7]] [[3]]
[[7]] [[3]] vonmises -2129.346007625867
[[7]] [[4]]
[[7]] [[4]] vonmises -5388.763757474455
[[7]] [[5]]
[[7]] [[5]] vonmises -10364.349757810576
[[7]] [[1]]
[[7]] [[1]] vonmises -5487.491304633839
[[7]] [[2]]
[[7]] [[2]] vonmises -10782.00909245063
[[7]] [[3]]
[[7]] [[3]] vonmises -2129.346007625867
[[7]] [[4]]
[[7]] [[4]] vonmises -5388.763757474455
[[7]] [[5]]
[[7]] [[5]] vonmises -10364.349757810576
[[7]] [[1]]
[[7]] [[1]] vonmises -5487.491304633839
[[7]] [[2]]
[[7]] [[2]] vonmises -10782.00909245063
[[7]] [[3]]
[[7]] [[3]] vonmises -2129.346007625867
[[7]] [[4]]
[[7]] [[4]] vonmises -5388.763757474455
[[7]] [[5]]
[[7]] [[5]] vonmises -10364.349757810576
[[7]] [[1]]
[[7]] [[1]] vonmises -5487.491304633839
[[7]] [[2]]
[[7]] [[2]] vonmises -10782.00909245063
[[7]] [[3]]
[[7]] [[3]] vonmises -2129.346007625867
[[7]] [[4]]
[[7]] [[4]] vonmises -5388.763757474455
[[7]] [[5]]
[[7]] [[5]] vonmises -10364.349757810576
[[7]] [[1]]
[[7]] [[1]] vonmises -5487.491304633839
[[7]] [[2]]
[[7]] [[2]] vonmises -10782.00909245063
[[7]] [[3]]
[[7]] [[3]] vonmises -2129.346007625867
[[7]] [[4]]
[[7]] [[4]] vonmises -5388.763757474455
[[7]] [[5]]
[[7]] [[5]] vonmises -10364.349757810576
[[7]] [[6]]
[[7]] [[6]] vonmises -7482.0757389255905
[[7]] [[7]]
[[7]] [[7]] vonmises -16618.49235887454
[[7]] [[8]]
[[7]] [[8]] vonmises -11869.417966525809
[[7]] [[9]]
[[7]] [[9]] vonmises -2772.4277381191732
[[8]] [[0]] vonmises -6617.903297511046
[[7]] [[6]]
[[7]] [[6]] vonmises -7482.0757389255905
[[7]] [[7]]
[[7]] [[7]] vonmises -16618.49235887454
[[7]] [[8]]
[[7]] [[8]] vonmises -11869.417966525809
[[7]] [[9]]
[[7]] [[9]] vonmises -2772.4277381191732
[[8]] [[0]] vonmises -6617.903297511046
[[7]] [[6]]
[[7]] [[6]] vonmises -7482.0757389255905
[[7]] [[7]]
[[7]] [[7]] vonmises -16618.49235887454
[[7]] [[8]]
[[7]] [[8]] vonmises -11869.417966525809
[[7]] [[9]]
[[7]] [[9]] vonmises -2772.4277381191732
[[8]] [[0]] vonmises -6617.903297511046
[[7]] [[6]]
[[7]] [[6]] vonmises -7482.0757389255905
[[7]] [[7]]
[[7]] [[7]] vonmises -16618.49235887454
[[7]] [[8]]
[[7]] [[8]] vonmises -11869.417966525809
[[7]] [[9]]
[[7]] [[9]] vonmises -2772.4277381191732
[[8]] [[0]] vonmises -6617.903297511046
[[7]] [[6]]
[[7]] [[6]] vonmises -7482.0757389255905
[[7]] [[7]]
[[7]] [[7]] vonmises -16618.49235887454
[[7]] [[8]]
[[7]] [[8]] vonmises -11869.417966525809
[[7]] [[9]]
[[7]] [[9]] vonmises -2772.4277381191732
[[8]] [[0]] vonmises -6617.903297511046
[[8]] [[1]]
[[8]] [[1]] vonmises -21558.085439498147
[[8]] [[2]]
[[8]] [[2]] vonmises -17281.639448834678
[[8]] [[3]]
[[8]] [[3]] vonmises -1762.5440708515039
[[8]] [[4]]
[[8]] [[4]] vonmises -3471.8705146263765
[[8]] [[5]]
[[8]] [[5]] vonmises -12736.52899967289
[[8]] [[1]]
[[8]] [[1]] vonmises -21558.085439498147
[[8]] [[2]]
[[8]] [[2]] vonmises -17281.639448834678
[[8]] [[3]]
[[8]] [[3]] vonmises -1762.5440708515039
[[8]] [[4]]
[[8]] [[4]] vonmises -3471.8705146263765
[[8]] [[5]]
[[8]] [[5]] vonmises -12736.52899967289
[[8]] [[1]]
[[8]] [[1]] vonmises -21558.085439498147
[[8]] [[2]]
[[8]] [[2]] vonmises -17281.639448834678
[[8]] [[3]]
[[8]] [[3]] vonmises -1762.5440708515039
[[8]] [[4]]
[[8]] [[4]] vonmises -3471.8705146263765
[[8]] [[5]]
[[8]] [[5]] vonmises -12736.52899967289
[[8]] [[1]]
[[8]] [[1]] vonmises -21558.085439498147
[[8]] [[2]]
[[8]] [[2]] vonmises -17281.639448834678
[[8]] [[3]]
[[8]] [[3]] vonmises -1762.5440708515039
[[8]] [[4]]
[[8]] [[4]] vonmises -3471.8705146263765
[[8]] [[5]]
[[8]] [[5]] vonmises -12736.52899967289
[[8]] [[1]]
[[8]] [[1]] vonmises -21558.085439498147
[[8]] [[2]]
[[8]] [[2]] vonmises -17281.639448834678
[[8]] [[3]]
[[8]] [[3]] vonmises -1762.5440708515039
[[8]] [[4]]
[[8]] [[4]] vonmises -3471.8705146263765
[[8]] [[5]]
[[8]] [[5]] vonmises -12736.52899967289
[[8]] [[6]]
[[8]] [[6]] vonmises -4205.953098088208
[[8]] [[7]]
[[8]] [[7]] vonmises -3818.917952953898
[[8]] [[8]]
[[8]] [[8]] vonmises -1501.3954634278334
[[8]] [[9]]
[[8]] [[9]] vonmises -16727.320508779223
[[9]] [[0]] vonmises -15067.028480036173
[[8]] [[6]]
[[8]] [[6]] vonmises -4205.953098088208
[[8]] [[7]]
[[8]] [[7]] vonmises -3818.917952953898
[[8]] [[8]]
[[8]] [[8]] vonmises -1501.3954634278334
[[8]] [[9]]
[[8]] [[9]] vonmises -16727.320508779223
[[9]] [[0]] vonmises -15067.028480036173
[[8]] [[6]]
[[8]] [[6]] vonmises -4205.953098088208
[[8]] [[7]]
[[8]] [[7]] vonmises -3818.917952953898
[[8]] [[8]]
[[8]] [[8]] vonmises -1501.3954634278334
[[8]] [[9]]
[[8]] [[9]] vonmises -16727.320508779223
[[9]] [[0]] vonmises -15067.028480036173
[[8]] [[6]]
[[8]] [[6]] vonmises -4205.953098088208
[[8]] [[7]]
[[8]] [[7]] vonmises -3818.917952953898
[[8]] [[8]]
[[8]] [[8]] vonmises -1501.3954634278334
[[8]] [[9]]
[[8]] [[9]] vonmises -16727.320508779223
[[9]] [[0]] vonmises -15067.028480036173
[[8]] [[6]]
[[8]] [[6]] vonmises -4205.953098088208
[[8]] [[7]]
[[8]] [[7]] vonmises -3818.917952953898
[[8]] [[8]]
[[8]] [[8]] vonmises -1501.3954634278334
[[8]] [[9]]
[[8]] [[9]] vonmises -16727.320508779223
[[9]] [[0]] vonmises -15067.028480036173
[[9]] [[1]]
[[9]] [[1]] vonmises -1456.0329399013733

[[9]] [[2]]
[[9]] [[2]] vonmises -23958.62117253772


[[9]] [[3]]
[[9]] [[3]] vonmises -14935.399507321648

[[9]] [[4]]
[[9]] [[4]] vonmises -13249.475680167961

[[9]] [[5]]
[[9]] [[5]] vonmises -15625.438181011052
[[9]] [[1]]
[[9]] [[1]] vonmises -1456.0329399013733
[[9]] [[2]]
[[9]] [[2]] vonmises -23958.62117253772
[[9]] [[3]]
[[9]] [[3]] vonmises -14935.399507321648
[[9]] [[4]]
[[9]] [[4]] vonmises -13249.475680167961
[[9]] [[5]]
[[9]] [[5]] vonmises -15625.438181011052
[[9]] [[1]]
[[9]] [[1]] vonmises -1456.0329399013733
[[9]] [[2]]
[[9]] [[2]] vonmises -23958.62117253772
[[9]] [[3]]
[[9]] [[3]] vonmises -14935.399507321648
[[9]] [[4]]
[[9]] [[4]] vonmises -13249.475680167961
[[9]] [[5]]
[[9]] [[5]] vonmises -15625.438181011052
[[9]] [[1]]
[[9]] [[1]] vonmises -1456.0329399013733
[[9]] [[2]]
[[9]] [[2]] vonmises -23958.62117253772
[[9]] [[3]]
[[9]] [[3]] vonmises -14935.399507321648
[[9]] [[4]]
[[9]] [[4]] vonmises -13249.475680167961
[[9]] [[5]]
[[9]] [[5]] vonmises -15625.438181011052
[[9]] [[1]]
[[9]] [[1]] vonmises -1456.0329399013733
[[9]] [[2]]
[[9]] [[2]] vonmises -23958.62117253772
[[9]] [[3]]
[[9]] [[3]] vonmises -14935.399507321648
[[9]] [[4]]
[[9]] [[4]] vonmises -13249.475680167961
[[9]] [[5]]
[[9]] [[5]] vonmises -15625.438181011052

​
​
​
​
​
​
​
